0x540A6950376edC97D449EcCfd1987C100843Be72,10872900817945170
0x586b20a7227857ECec010A37e6A89149A2a632C8,0
0xf6f6C75478A7DA8332B30AD28Ce389F3De4cBA95,8198099242137520
0x701d7ec468a8fF9Bd4B76Be049e40cAB79fb3310,2102444236208801
0xAbD8Cee5a93265fc7D1F9e45f0169294d01B8802,0
0xEf736f0036647A1B6828c92A9fEe27a6DDC2B250,71431565730894142
0x3e465ABFa9b2A7E18a610F489fb3510765461d13,25369891255090611
0x327b0c1Ecd110651dC9994b6764b695c9cdC29bA,75808794367049097
0x5FecD240ad629B2De86b87C6cd59a448F2168362,5901784181955514
0x61d2b9111F3cA83787006554C8Bc2a8b2207A8E8,161875455216242
0x568b9bFfF4a3a7C7351db84EC2F4Ad4CA147A1D0,5749828231143062
0xD903636293da47B66861BE87B360C795fda43F5f,0
0x1d8E302E451b6698f000809DCB7F51AE4b708936,0
0x3BBD1Bcb25dd27bFcEdbDe6C173C2ca35Be62150,2348949600124
0x15Fab1cC5262D69853b1196f74d38C7FC96Fc6D7,494498633379174
0x4e3072f7b5C075EA5FdEb423DA95312C4B99dc22,17858591687586914
0x51D69A3d4a666fb658c22f761b5b87E04Ecf99Ae,32268284444664
0x1Bb4c08d421BB32e75E50F50828b51507d6739e1,1183045782653253
0x2d59CD7112E36a223807C08a636CBd51eC928c6C,638793975298908
0x46Ad79eFd29B4212eE2dB32153c682Db06614Ce5,62898369318807
0x9A1e0c819F4e6608082cc28D515648edAb043B85,192291682079254
0xA45e4DA10f86579FF2D37CBf29Fc7B27C08A22fA,5940576974164335
0x4f6502A9e4f133122e88C58B4aE4ba2d537B19D4,1641432821170921
0xb05e707879eA4ecD09392A7c78C05aA76f4c86E3,145922219284542
0xE83906d6C19939DcC3FFCC317556D940C87847ec,0
0xAf4807D083287f205d897e6D00c6FdE1bF0A241A,449962452102330
0xEF3253E2FaAA98A403253e3777708bDaf58546a9,539359462644742
0x4326434696309A2CbDD6DB422afF4f7b268ADD60,3165239666491711
0x38123a191e9685448658d2207B0543E2Fb9282cC,744552839104282
0x88D2C34c3c59069F823d9F5011662b6111862282,500922824396517
0x07F2A8C405e643D0c97c382911a1097060f14FFb,64798830336046
0xF968030893d9A02f51D135c5EeF17513A2981acA,5187869836487217
0xFA4572b4E734587Fe0b4d415a92E6654C0c71460,216350200746428
0x6192613bb2E3A3A4B895Bd54f93d57e9d382632B,42306114470137
0x6eFcAD620d99e788baE23E8A9515CdFF4c83136B,881396340226
0xEdd000B7Db3cb8931d4E0cb1D0DBe6B947Ceb09A,2587053888883804
0x70511BFE07d9E9599A93d5a7B9F6e1C30fbeC695,1664328912214327
0x4DD3fEfA24615591262173B49d04f37c515742A2,185137430812265
0x0F9C6A9d8f9729aB07b5b2B870Ce8122E76708b0,637758453786229
0x1eEcB56f3aA2A3aE066595122Fc3e7C299f985FB,873695614647
0x9595Eb47613d278da676acC6adC0e1B5fB0D752e,0
0x48AB590393CcE03e0f34F6450B0B5ADCa9348e43,3159159735262
0x36E9a9184787346215F8b41cc4c1cf75C3df14Ce,35652977884488
